58,1416,
58,1952,
58,405,
58,1843,
58,2328,
58,351,
58,183,
58,1970,
58,248,
58,992,
1283,2258,
1283,1121,
1447,574,
1889,447,
1889,99,
2910,1562,
2910,579,
2910,1862,
2910,1748,
2910,1062,
2910,200,
2910,2479,
2910,2381,
2910,425,
2910,2555,
1336,2447,
1336,1303,
1336,1526,
1336,950,
1336,1478,
1336,1839,
1336,2575,
2551,1809,
2551,2064,
2551,2492,
2551,2451,
2551,2598,
2551,2051,
2551,947,
2551,815,
2551,2431,
2551,2502,
2551,2614,
2551,2368,
2551,2037,
2551,2883,
2551,2821,
2551,473,
2551,1027,
2551,2068,
2551,1906,
2551,1273,
2551,636,
2551,255,
2551,1874,
2551,1042,
2551,100,
2551,762,
2551,942,
2551,2132,
2551,2295,
2551,1926,
2551,633,
2551,371,
2551,766,
2551,51,
2551,1103,
2551,1180,
1345,1318,
2456,8,
2456,1111,
2456,882,
2456,2267,
2456,1894,
2456,1399,
2456,2658,
2456,2308,
2456,1928,
1662,1006,
1662,2938,
211,2099,
211,1732,
211,80,
316,612,
2096,2710,
2542,107,
2542,2593,
2542,661,
1601,1513,
1601,61,
1601,1029,
1601,60,
1601,1951,
1601,1373,
1601,2586,
1601,2792,
2397,2876,
861,45,
1425,36,
2881,1491,
2881,2252,
2881,64,
2881,1385,
2881,176,
2881,1382,
2881,1400,
2881,2789,
2881,1122,
2881,1710,
2881,754,
2881,1078,
2881,1169,
2881,123,
1454,1591,
1454,336,
1454,1490,
1454,2846,
1454,79,
2371,549,
2371,2305,
2371,1485,
2371,452,
2371,1681,
2371,634,
2371,2137,
2371,870,
2371,1635,
733,477,
2556,319,
2556,2654,
2556,2953,
403,2588,
403,2186,
711,2832,
711,2046,
711,1177,
711,1365,
711,2794,
711,260,
711,1714,
711,2395,
711,1764,
711,787,
711,1920,
711,2278,
711,595,
711,407,
2546,737,
2546,1587,
2546,1132,
2546,1175,
2693,841,
2693,1629,
1407,813,
1407,750,
1407,693,
1407,2124,
1407,1080,
396,2682,
396,1789,
396,2242,
396,2719,
396,381,
396,1443,
396,779,
2283,2058,
2283,1253,
2283,1116,
2283,227,
2309,1056,
2309,1991,
2309,2820,
2309,2671,
1943,1266,
1943,757,
1943,187,
1943,2684,
1943,1060,
1943,111,
1943,1978,
1943,1643,
1943,1573,
352,1252,
352,346,
352,1140,
2854,964,
2854,2033,
2854,1878,
2854,1588,
2854,1191,
2854,1594,
2854,1217,
2854,507,
2854,1582,
2854,1092,
1631,1190,
1631,1496,
2661,2024,
2661,31,
2661,282,
2661,2653,
2661,1940,
2661,2727,
2661,1822,
289,1514,
2316,2894,
2316,1899,
2316,1428,
504,567,
9,2805,
9,1072,
9,553,
9,148,
479,190,
479,1521,
479,283,
479,1243,
2092,2443,
2092,2967,
2092,185,
2092,2722,
2092,2925,
2092,2776,
2092,682,
2092,2592,
2092,1235,
2092,1024,
2092,1391,
2092,1251,
2092,2019,
2092,2874,
2092,252,
2092,2581,
2092,1149,
2215,1279,
2215,2377,
2215,234,
2215,2185,
2215,2951,
2215,469,
2215,231,
2215,2256,
2215,2918,
2215,2276,
2215,172,
2262,2702,
2262,1758,
2577,2050,
2577,2780,
2577,2150,
2577,2960,
662,1536,
662,1628,
662,558,
662,1005,
662,2840,
662,2358,
662,853,
662,1176,
662,2440,
662,547,
662,630,
662,2432,
662,1300,
662,660,
662,1226,
662,1686,
662,581,
662,1873,
662,65,
662,866,
662,5,
662,2506,
662,1206,
662,2069,
167,573,
167,265,
167,597,
167,697,
167,1876,
167,2255,
1241,793,
1241,490,
1241,137,
1241,2014,
1241,1561,
1241,483,
1241,2139,
1241,71,
1241,2344,
1241,456,
1241,1975,
1241,2130,
1241,1500,
1241,953,
1241,406,
1241,2569,
1241,360,
1241,2042,
1241,1812,
1241,807,
1241,1441,
1241,1992,
1241,245,
1241,144,
1241,1199,
1241,2692,
1241,1654,
1241,384,
1241,1525,
1241,1728,
1241,1888,
1241,745,
1241,1030,
1241,1648,
1241,2293,
1291,269,
1291,864,
1291,2510,
1291,2055,
1291,401,
1291,163,
1291,106,
1291,890,
1291,2335,
1291,1765,
1291,820,
1291,1522,
1291,691,
1291,2662,
1291,1196,
1291,274,
1291,1847,
1291,1745,
1291,1875,
1291,1306,
386,2842,
386,644,
386,1933,
386,1342,
386,741,
386,1948,
386,599,
386,2465,
386,292,
386,2708,
386,39,
386,2448,
386,1227,
386,2807,
386,2504,
386,2390,
386,816,
386,1126,
386,680,
966,1977,
966,1783,
670,158,
670,2730,
670,1025,
670,2884,
670,158,
670,518,
2056,1205,
2056,1518,
1754,2227,
2080,1960,
1642,654,
1642,2823,
896,1617,
896,905,
896,2956,
994,1796,
49,1174,
49,2120,
1338,2001,
2413,2327,
2413,901,
2413,2383,
2413,2336,
2413,1367,
2413,1885,
2413,985,
2413,1650,
2413,180,
2413,730,
2413,1781,
2413,2493,
2413,1414,
2413,895,
2413,1476,
2413,1466,
2413,1607,
2413,1461,
2413,253,
2413,2709,
2413,2191,
2413,2631,
2413,2417,
2413,170,
2413,2194,
2413,2138,
2413,903,
521,250,
538,432,
2537,2948,
2537,2912,
2537,502,
2537,2531,
85,1819,
85,206,
85,2182,
85,508,
85,2598,
85,2051,
85,947,
85,815,
85,2431,
85,2502,
85,2614,
85,2368,
85,2037,
85,2821,
85,473,
85,2068,
85,1906,
85,1273,
85,636,
85,255,
85,1874,
85,1042,
85,100,
85,762,
85,942,
85,2132,
85,2295,
85,1926,
85,633,
85,371,
85,766,
85,51,
85,1103,
85,1180,
2554,336,
2554,1490,
2554,2846,
2554,79,
2554,844,
1051,1591,
1051,2161,
1954,179,
1954,1936,
1954,2741,
1954,550,
1553,1542,
1553,2149,
1553,545,
2547,549,
2547,2305,
2547,1485,
2547,452,
2547,1681,
2547,634,
2547,2137,
2547,870,
2547,1635,
2385,2374,
2385,458,
2385,506,
2385,477,
2385,892,
2392,2654,
2392,2953,
1981,319,
2603,2046,
2603,1177,
2603,1365,
2603,2794,
2603,260,
2603,1714,
2603,2395,
2603,2373,
2603,1362,
2603,1327,
2603,2548,
2603,595,
2045,2832,
290,1656,
290,1918,
290,748,
1982,714,
1982,2196,
1982,589,
1982,919,
1982,2406,
1123,52,
338,858,
338,2213,
338,318,
1596,1775,
1596,984,
1596,2352,
1596,457,
1596,1054,
756,574,
756,787,
756,2278,
2634,1809,
2634,2064,
2634,2451,
2843,2471,
2843,1443,
2783,2113,
2783,1546,
710,367,
710,1175,
1010,1699,
1010,2670,
1010,2813,
1010,123,
1010,503,
1010,2588,
1010,2461,
704,1132,
704,1402,
704,2208,
704,2152,
704,2360,
704,28,
704,166,
704,716,
704,1611,
704,2914,
704,1474,
704,551,
704,809,
704,1968,
704,737,
704,911,
704,1978,
704,1643,
704,1573,
1695,1104,
1695,1009,
1695,2647,
1695,1112,
1695,2823,
1695,2147,
1695,736,
1814,1016,
1814,202,
1814,2712,
1814,222,
119,1629,
2954,813,
2954,1649,
2954,602,
2954,2936,
1421,693,
1743,750,
1743,2533,
2235,980,
2235,2607,
2235,1292,
2235,133,
2235,2270,
2235,1080,
1998,2207,
1998,917,
1998,1789,
1998,381,
379,2682,
379,2242,
379,2719,
379,779,
2801,1075,
1524,774,
1524,1548,
1524,2323,
96,2492,
1462,2058,
1462,2341,
1462,356,
2862,1253,
2862,16,
2862,2579,
347,227,
963,2164,
963,1991,
398,1056,
398,2820,
259,1151,
2100,2671,
2382,1135,
2382,2782,
2382,628,
2382,35,
1353,757,
1353,2053,
1353,187,
1353,2684,
1353,1060,
1353,1049,
1353,1312,
1353,1953,
1353,2649,
1353,1171,
1353,2142,
1353,2638,
1353,1036,
1353,2686,
1353,626,
1353,936,
1353,868,
1353,2931,
1353,75,
1353,2926,
1353,2086,
1353,2766,
1353,88,
1353,220,
1353,228,
1353,998,
1353,975,
1353,32,
1353,1865,
1353,210,
1353,991,
1353,0,
1353,880,
1353,967,
1353,1782,
1353,1944,
1353,1406,
1353,1852,
1353,2333,
1353,2101,
1353,1715,
1353,257,
1353,1046,
1353,2175,
1353,2317,
1353,2197,
1353,2299,
1353,2562,
1353,2251,
1353,1354,
1353,2160,
1353,2897,
1353,951,
1353,2090,
1353,1102,
1353,1697,
1353,18,
1353,2224,
1353,2924,
1353,2038,
1353,475,
1353,247,
1353,1410,
1353,681,
1353,2481,
1353,2337,
1353,2718,
1353,1659,
1353,142,
1353,1157,
1353,847,
1353,199,
1353,334,
1353,141,
1353,674,
1353,246,
1353,1278,
1353,2957,
1353,1793,
1353,1603,
1353,1567,
1353,838,
1353,1915,
1353,78,
1353,1127,
1353,354,
1353,2611,
1353,1319,
1353,2320,
1353,1360,
1353,1069,
1353,472,
1353,218,
1353,1999,
1353,2756,
1353,2928,
1353,1590,
1353,273,
1353,1774,
1353,2272,
1353,512,
1353,1798,
1353,345,
1353,1408,
1353,899,
1353,995,
1353,205,
1353,1942,
1353,1438,
1353,1563,
1353,385,
1353,2652,
1353,1026,
1353,370,
1353,1411,
1353,2062,
1353,271,
1353,2495,
2219,353,
2219,1162,
2732,1706,
2732,2831,
2732,2135,
2732,783,
885,2804,
1215,111,
1215,1859,
1647,653,
725,1152,
725,1545,
433,1324,
433,1559,
433,2264,
433,1528,
433,1495,
433,238,
433,2885,
433,2254,
433,1432,
433,699,
433,2211,
433,912,
433,2958,
433,2571,
433,178,
433,1994,
433,800,
433,872,
433,669,
433,2031,
433,326,
433,932,
433,1481,
2420,346,
2420,1209,
2420,632,
1363,1252,
1363,323,
2476,498,
2476,533,
996,2033,
996,1878,
996,2436,
996,1594,
996,1217,
996,1588,
397,964,
397,1817,
397,618,
397,2332,
1021,1569,
1021,1427,
1021,1337,
1021,2847,
1913,1191,
1913,1216,
2595,528,
2595,1736,
2595,1694,
2700,212,
2700,2206,
2656,696,
2656,1269,
2656,708,
1041,1381,
1041,603,
1041,1231,
826,876,
826,2932,
2845,1997,
2845,2517,
2845,1190,
2298,377,
2298,1138,
2298,1496,
2676,31,
2676,282,
2676,2653,
2004,2024,
11,1940,
11,1909,
11,409,
11,74,
11,383,
11,827,
11,2321,
11,320,
11,46,
1455,2892,
1455,656,
1455,1424,
1455,2563,
1455,1155,
1455,1114,
1842,66,
1842,818,
1842,1160,
1842,441,
1842,2901,
1842,1822,
1842,666,
2052,1473,
2052,286,
2052,1514,
583,2177,
583,2894,
583,1899,
583,1428,
957,2111,
957,2564,
957,537,
1298,567,
1298,390,
1298,1256,
1298,2799,
1298,1927,
1298,1179,
1298,2365,
1298,471,
1298,1083,
1298,2023,
1298,1734,
1298,22,
1298,2391,
1811,2805,
1811,38,
1811,2800,
1811,1265,
1811,1479,
1811,1824,
1811,1560,
1811,2416,
1811,2386,
1811,1712,
1811,1664,
1811,2296,
1811,2458,
1811,1508,
1811,2223,
1811,2812,
1811,1962,
1811,2271,
1811,2622,
1811,2765,
1811,2438,
1811,1109,
1811,2941,
1811,2266,
1811,1234,
1811,1938,
1811,1167,
1811,2549,
1811,1612,
1811,1044,
1811,33,
1811,2701,
1811,771,
1811,2005,
1166,976,
1166,2025,
1166,2500,
1166,923,
1166,627,
1166,1533,
1166,279,
261,148,
2728,2216,
2728,1242,
2728,978,
1900,1375,
1900,1164,
1900,2863,
1900,1088,
1900,2738,
1900,1538,
1900,2675,
1900,2617,
1900,291,
1900,341,
1900,1719,
1900,153,
1900,2201,
1900,1037,
1900,795,
1900,961,
1900,2114,
1900,2740,
1900,1011,
1900,1848,
1900,1646,
2180,1717,
474,1722,
474,2570,
2574,2587,
2574,2690,
2574,1238,
2574,2886,
2574,243,
2574,1577,
2574,1539,
312,505,
312,1147,
312,2905,
312,138,
312,772,
312,2536,
312,2288,
312,2314,
312,2122,
312,1492,
312,2888,
312,1776,
312,1420,
312,907,
312,1236,
312,1460,
1957,2339,
1957,429,
1957,1866,
1957,1397,
1957,857,
1957,2864,
1957,604,
1957,2524,
1957,2040,
1957,2136,
1957,2848,
1957,1475,
1957,1334,
1957,2345,
1957,54,
1957,1429,
1957,588,
1957,204,
1957,2602,
1957,2559,
1957,1207,
1957,1849,
1957,2401,
1957,2576,
1957,1168,
275,561,
275,1435,
275,1737,
275,2174,
275,393,
275,1398,
275,1277,
275,465,
275,2534,
275,970,
275,2590,
275,1124,
275,2247,
275,563,
275,440,
275,1023,
275,781,
275,2793,
275,1632,
275,2552,
275,1089,
275,2966,
1446,548,
1446,303,
1446,62,
1446,387,
1446,2643,
1446,2535,
1446,2679,
721,1117,
721,209,
721,1980,
721,1966,
721,2044,
721,1131,
721,2184,
721,1881,
721,1807,
721,2600,
721,1832,
721,2379,
721,1099,
721,1795,
721,824,
721,2414,
721,2916,
721,1989,
956,1838,
956,784,
956,1834,
956,1791,
956,635,
956,920,
956,1386,
956,894,
956,1484,
956,1886,
956,1182,
956,596,
956,104,
956,822,
956,116,
956,1020,
956,1733,
956,1801,
956,2445,
956,2126,
956,889,
956,2768,
956,1626,
956,520,
956,1780,
956,1004,
956,760,
956,1493,
956,1290,
956,698,
956,688,
956,1945,
956,143,
956,915,
956,1134,
956,2075,
956,423,
956,2324,
2628,1129,
2265,746,
2265,1605,
1766,2094,
1766,2418,
1987,126,
1987,1840,
1987,2016,
1987,2188,
1987,1307,
1987,2491,
1987,509,
1987,2253,
1987,1374,
1987,1565,
1987,2806,
1623,501,
1623,948,
1623,389,
118,839,
118,489,
118,21,
2110,1746,
2110,863,
2110,2900,
2110,1259,
2110,565,
2110,266,
2110,6,
2110,2930,
2110,1267,
2110,232,
2110,242,
2110,1213,
2110,448,
2110,2032,
2110,451,
2110,2651,
2110,181,
2110,1535,
2110,2859,
2110,1033,
2110,2357,
2110,374,
2110,1665,
2110,1696,
2110,2240,
2110,1308,
2110,1675,
2110,908,
2110,753,
2110,852,
2110,1678,
2110,2964,
2110,2157,
2110,1404,
2110,2250,
2110,2494,
652,2384,
913,2659,
427,92,
427,610,
427,832,
427,1043,
427,298,
427,1468,
427,2353,
427,2029,
427,221,
427,2887,
427,580,
427,19,
427,2287,
427,325,
427,1211,
427,2784,
427,1383,
427,687,
427,2244,
427,1923,
427,2248,
427,173,
427,2112,
427,1079,
427,1802,
427,1671,
427,1470,
427,482,
427,1769,
427,1674,
427,2118,
427,938,
427,690,
427,2688,
427,2731,
427,519,
427,1961,
427,2079,
427,2313,
427,1653,
427,2767,
427,1200,
427,940,
427,2913,
427,2779,
427,2166,
427,2462,
427,2781,
427,1841,
427,2635,
427,788,
427,1409,
427,2489,
427,268,
427,2544,
427,1405,
2372,1096,
1346,460,
1346,2145,
1146,2657,
1146,2176,
1146,648,
1146,108,
1146,1593,
1146,1130,
1146,1482,
1146,1871,
1146,2965,
1146,1316,
1146,878,
1146,2818,
1146,2203,
1146,7,
1146,769,
1146,305,
1146,2882,
1146,2532,
1146,121,
1146,2837,
1146,368,
1146,1440,
1146,1856,
1146,1753,
1146,790,
1146,131,
1146,723,
1146,198,
1146,999,
1146,869,
1146,2202,
1146,2557,
1146,510,
1146,2929,
1146,1459,
1146,517,
1146,1450,
1146,1439,
1146,1487,
1146,2696,
1146,1680,
1146,1329,
1146,2826,
1146,2704,
1146,1115,
1146,614,
1146,2307,
1146,2757,
1146,2076,
1146,264,
1146,2899,
1146,539,
1146,2144,
1146,2226,
1146,1571,
1146,288,
1146,2959,
1146,717,
1146,117,
1146,2632,
1146,2257,
1146,904,
1146,1297,
1146,1835,
1146,622,
1146,2034,
1146,219,
1146,2787,
1146,2687,
1146,960,
1146,914,
1146,2774,
1146,668,
1146,380,
1146,1720,
1146,2134,
1146,734,
1146,2342,
1146,1343,
1146,1396,
1146,2947,
1146,1369,
1146,1101,
1146,1245,
1146,2159,
1146,1816,
1146,2851,
1146,2525,
1146,309,
1146,1973,
1146,317,
1146,2066,
1146,2723,
1146,2375,
1146,97,
1146,1549,
1146,1153,
1146,1351,
1146,2838,
1146,1022,
1146,930,
1146,1349,
1146,814,
1146,1586,
1146,1125,
1146,2366,
1146,69,
1146,1833,
1146,2154,
1146,802,
1146,2490,
1146,1742,
1146,1995,
1146,1598,
165,1854,
165,2294,
165,2104,
2084,2497,
2084,965,
2084,23,
2084,430,
2084,2529,
2084,1805,
2084,1472,
2084,361,
2084,340,
2084,1141,
2084,2155,
1113,731,
1879,2163,
1879,349,
1879,366,
2162,1347,
2162,881,
2162,1976,
2162,2599,
2162,2419,
2162,925,
453,2387,
2627,773,
1401,1690,
1401,1741,
2815,1655,
2716,2279,
2716,952,
2637,2545,
1081,68,
778,1287,
2225,1614,
2097,2485,
2097,1040,
606,2411,
606,2312,
1087,2400,
1087,650,
1515,2043,
1515,2477,
1515,2857,
1515,2071,
1515,1985,
1515,2769,
1515,294,
1515,197,
1515,101,
1515,2433,
1515,159,
1515,1556,
1515,284,
1515,1959,
1515,207,
1403,2921,
499,1008,
499,2310,
499,2891,
499,2772,
499,192,
499,93,
499,1917,
499,2762,
499,262,
499,2095,
499,1721,
499,1869,
499,695,
499,2560,
499,2641,
499,799,
499,2616,
499,122,
499,2802,
499,494,
499,1949,
499,1203,
499,1248,
499,2082,
499,2865,
499,115,
499,1059,
499,2483,
499,424,
499,2583,
499,2754,
499,1100,
499,77,
499,174,
499,1993,
499,1378,
499,421,
499,244,
499,2869,
499,1837,
499,1193,
499,2778,
499,2220,
2618,2189,
1434,1792,
1434,2172,
1434,26,
1094,2706,
801,1202,
1652,527,
343,2302,
343,293,
343,348,
806,1133,
95,2008,
1619,1430,
1645,2717,
1645,646,
534,2777,
1827,1731,
1827,1813,
2917,875,
2325,392,
1624,2127,
2633,2726,
1685,1480,
1685,763,
2933,2475,
902,1550,
555,2421,
555,2705,
1358,1902,
1358,1531,
531,2822,
315,223,
791,703,
791,2872,
791,1788,
2102,378,
2102,2855,
2102,2803,
2102,631,
2102,1445,
2102,1797,
2102,1818,
2102,1258,
2102,568,
2102,182,
2102,1512,
2102,830,
2102,2403,
2102,281,
2102,2315,
2102,1332,
2102,1275,
2102,1735,
2102,1188,
2102,2409,
2102,1803,
2102,442,
2102,678,
2102,1412,
2102,1187,
2102,67,
2102,267,
2102,516,
2102,1163,
2102,2268,
2102,655,
2102,1950,
2102,1937,
2102,1574,
2102,1983,
2102,2620,
2102,251,
2102,2319,
2102,1250,
2102,2890,
2102,2026,
2102,2300,
2102,1903,
2102,657,
2102,2944,
2102,2275,
2102,1749,
2102,1335,
2102,934,
2102,1771,
2895,619,
1068,647,
1068,592,
1068,29,
1068,1636,
1068,1821,
1068,1863,
543,949,
543,358,
543,511,
1530,48,
883,249,
883,617,
1064,388,
2666,1762,
1683,2567,
1683,2950,
468,1128,
468,10,
468,2274,
1846,359,
641,1299,
84,1368,
37,2713,
2594,82,
2594,1331,
175,2369,
175,1221,
175,803,
175,2906,
175,1772,
175,1615,
175,1341,
175,2839,
175,921,
175,1158,
175,1672,
175,1979,
175,2022,
175,2736,
175,2430,
175,1392,
175,1644,
175,2673,
175,1934,
175,450,
175,2674,
175,707,
175,1055,
175,1388,
175,161,
1376,2646,
1376,2424,
1376,330,
486,1326,
486,729,
486,736,
486,2521,
1052,2823,
1052,38,
1052,2805,
1052,2800,
1052,1265,
1052,1479,
1052,1824,
1052,1560,
1052,2416,
1052,2386,
1052,1712,
1052,1664,
1052,2296,
1052,2458,
1052,1508,
1052,2223,
1052,2812,
1052,1962,
1052,2271,
1052,2622,
1052,2765,
1052,2438,
1052,1109,
1052,2941,
1052,2266,
1052,1234,
1052,1938,
1052,2956,
1052,559,
1052,642,
1052,2701,
1052,1212,
1052,53,
1052,1044,
1052,1183,
1052,76,
1052,873,
1794,929,
1794,2650,
979,1186,
979,87,
979,1884,
979,2077,
979,1220,
979,1366,
979,1693,
979,732,
979,2689,
979,322,
979,522,
979,1448,
979,843,
979,43,
979,1651,
979,1867,
979,700,
979,2131,
979,20,
979,2204,
979,2920,
979,2795,
979,140,
979,645,
979,2824,
979,1519,
979,2364,
979,1860,
979,339,
979,1676,
979,739,
979,1229,
979,2833,
979,151,
979,2338,
979,2277,
979,679,
979,1947,
979,41,
979,977,
979,2937,
979,1726,
979,1282,
979,1504,
979,83,
2613,435,
2613,129,
2613,1174,
2613,1687,
2613,2866,
2613,1551,
2613,2630,
2613,862,
2613,2428,
2613,2107,
2613,613,
2613,1939,
2613,2796,
2613,1142,
2613,1219,
2613,909,
2613,924,
2613,1796,
2613,2057,
2613,860,
2613,1225,
2613,2749,
2613,2125,
2613,2153,
2613,324,
2613,2596,
2613,203,
2613,1301,
2613,2431,
2515,2241,
2515,1295,
2515,224,
1499,2915,
1499,658,
1499,1703,
1499,1974,
1499,2514,
1499,2282,
1499,2292,
1499,169,
1499,2120,
1499,2005,
768,17,
768,2463,
768,1053,
768,1750,
768,1698,
768,1639,
768,1506,
768,1321,
768,124,
768,566,
768,1494,
768,1727,
768,2123,
768,40,
768,1356,
768,564,
768,900,
768,2580,
768,2322,
768,2698,
768,278,
768,395,
768,524,
768,2624,
768,132,
768,2348,
768,1708,
768,2234,
768,887,
768,2773,
1657,1570,
1165,770,
1165,601,
1165,1713,
1165,2446,
1165,2003,
1165,1477,
1165,1609,
488,2626,
2237,675,
2539,477,
2539,160,
2539,792,
2539,1661,
2539,1607,
2539,1511,
2539,1689,
2539,906,
2539,191,
2539,2699,
808,2922,
808,1724,
808,145,
808,1925,
808,886,
808,56,
808,928,
808,1510,
808,1150,
808,109,
808,2909,
808,1625,
808,831,
808,993,
808,1946,
808,2904,
808,2469,
808,1658,
808,464,
808,1294,
808,2370,
808,2318,
808,2660,
808,2020,
808,571,
808,735,
922,418,
922,148,
922,2281,
1633,2640,
1633,285,
1633,1047,
2236,400,
1613,44,
2426,432,
2426,239,
535,240,
535,1426,
535,615,
605,2415,
605,828,
1760,1222,
127,1491,
127,2252,
127,64,
127,1385,
127,176,
127,1382,
127,1400,
127,2789,
127,1122,
127,1710,
127,2598,
127,754,
127,1078,
127,1169,
2881,123,
1454,1591,
1454,336,
1454,1490,
1454,2846,
1454,79,
1454,2821,
2371,549,
2371,2305,
2371,1485,
2371,452,
2371,1681,
2371,634,
2371,947,
2371,2137,
2371,870,
2371,1635,
733,1103,
733,815,
2556,319,
2556,2654,
2556,2953,
2556,2051,
2556,1926,
2556,1180,
403,2588,
403,2186,
711,2832,
711,2046,
711,1177,
711,1365,
711,2794,
711,260,
711,1714,
711,2395,
711,1764,
711,787,
711,2278,
711,595,
2546,737,
2546,1132,
1407,813,
1407,750,
1407,693,
1407,2124,
1407,1080,
2283,2058,
2283,1253,
2283,1116,
2283,227,
2309,1056,
2309,1991,
2309,1906,
2309,2820,
2309,2671,
214,1629,
1943,636,
1943,1266,
1943,757,
1943,187,
1943,2684,
1943,1060,
1943,111,
1943,1978,
1943,1643,
352,1252,
352,346,
352,1140,
352,255,
2854,964,
2854,2033,
2854,1878,
2854,1588,
2854,1191,
2854,1594,
2854,1217,
2854,507,
2854,1582,
2854,1092,
1631,100,
1631,1496,
2661,2024,
2661,31,
2661,282,
2661,2653,
2661,1940,
289,1514,
289,371,
504,567,
9,1072,
9,553,
1051,2161,
2566,350,
2566,1554,
2566,2148,
1882,598,
916,1260,
916,968,
1018,1244,
1018,1361,
1018,572,
1018,2284,
235,437,
235,186,
1705,2273,
314,2179,
314,463,
314,444,
2547,549,
2547,2305,
2547,1485,
2547,452,
2547,1681,
2547,634,
2547,947,
2547,2137,
2547,1635,
2385,892,
540,417,
540,1084,
540,2621,
540,2791,
540,759,
540,918,
540,724,
540,2304,
540,2472,
540,2453,
540,1851,
1756,1990,
1756,911,
1756,1085,
2751,1456,
2751,834,
1520,1322,
1520,1589,
1520,171,
1520,673,
1520,154,
1520,1065,
1520,357,
1520,2450,
1520,2520,
2045,2832,
2045,1177,
2045,1365,
2045,2794,
2045,260,
2045,1714,
2045,2395,
2045,2046,
2045,407,
290,1656,
290,1918,
290,748,
290,595,
225,1327,
1123,52,
1264,1362,
1264,2703,
1264,467,
1264,2962,
1264,2402,
1264,761,
1264,1333,
1264,2115,
1264,1785,
1264,1091,
1264,706,
1264,2349,
1264,2810,
1264,560,
1264,2205,
1264,1355,
1640,2373,
1640,1422,
1640,1118,
1640,2952,
2691,2246,
2691,798,
2691,584,
2691,740,
2691,2623,
2691,671,
2691,1956,
2691,1003,
2691,1247,
2691,2030,
2691,2473,
2691,1185,
2691,1071,
2691,1540,
2691,1097,
2691,399,
2691,1761,
2691,1858,
1093,287,
1093,311,
1093,1469,
1093,2011,
1093,764,
1093,2474,
1955,2830,
1955,2190,
1955,2919,
1955,2346,
1955,1057,
1955,2797,
1955,2210,
1955,1919,
1955,2117,
1955,2530,
1955,1836,
1955,982,
1955,439,
1955,59,
1955,1963,
1955,2285,
1955,1627,
1955,1893,
1955,391,
1955,639,
1955,2636,
1955,454,
1955,1357,
1955,2856,
1955,1344,
1955,2849,
1955,888,
1955,455,
1955,1208,
1955,2878,
1955,335,
1955,747,
1955,216,
1955,1271,
1955,2508,
1955,373,
2398,1828,
840,2828,
840,481,
840,146,
840,2543,
840,2683,
840,1464,
840,2558,
840,829,
840,2509,
840,1032,
1911,1578,
1413,1249,
1413,722,
1413,2081,
1413,2625,
1413,1082,
1413,2380,
1413,2879,
1413,2746,
1413,2047,
1413,277,
1413,2760,
1634,749,
1634,1857,
1634,2737,
1634,2478,
1634,2739,
1634,2721,
1634,2238,
1634,2942,
1634,1823,
1634,329,
1634,112,
1634,819,
1634,1449,
1634,1395,
1634,1799,
1634,1891,
1634,1159,
1634,672,
1634,2829,
945,1272,
945,720,
945,1289,
945,1872,
2399,620,
2399,2734,
2399,113,
2399,50,
2399,1752,
2399,785,
2399,24,
2399,2178,
2399,676,
2399,937,
2399,193,
2399,817,
2399,987,
2399,2334,
2399,1692,
2399,2073,
2399,1777,
2551,2368,
2551,2068,
2551,636,
2551,2132,
2551,2295,
2551,766,
2783,2113,
2783,1546,
2783,2278,
2550,2668,
2306,2935,
2306,1701,
1620,1616,
1620,1718,
1922,477,
1922,1107,
1922,2012,
1922,1877,
1695,2823,
1695,2588,
2434,1699,
2434,2496,
2434,2461,
73,1451,
73,1007,
85,1819,
85,206,
85,2182,
85,508,
85,2598,
85,2051,
85,815,
85,2431,
85,2502,
85,2614,
85,2037,
85,2821,
85,473,
85,1906,
85,1273,
85,255,
85,1874,
85,1042,
85,100,
85,762,
85,2132,
85,1926,
85,633,
85,371,
85,766,
85,1103,
85,1180,
742,2654,
1161,2670,
704,1132,
704,1402,
704,2208,
704,2152,
704,2360,
704,28,
704,166,
704,716,
704,1611,
704,2914,
704,1474,
704,551,
704,809,
704,1968,
704,737,
704,1978,
704,1643,
704,1573,
1314,1197,
1314,2782,
1314,628,
1314,718,
2221,1268,
2221,825,
1172,487,
1890,2880,
1890,2835,
849,570,
1711,1896,
1711,470,
1711,480,
1711,2355,
972,1189,
443,780,
2798,637,
2470,195,
2470,556,
2470,1580,
1861,1328,
2351,416,
2351,431,
2351,1831,
270,2877,
270,2233,
270,962,
270,777,
270,2281,
270,1239,
270,1390,
270,1173,
270,594,
270,382,
270,1916,
270,2249,
270,1426,
710,367,
1597,2811,
1597,1784,
1597,2394,
1597,2715,
1597,1488,
1597,2361,
1597,776,
1597,1716,
1597,1364,
1597,1759,
1597,1443,
1647,653,
1647,2579,
725,1152,
725,1545,
433,1324,
433,1559,
433,2264,
433,1528,
433,1495,
433,238,
433,2885,
433,2254,
433,1432,
433,699,
433,2211,
433,912,
433,2958,
433,2571,
433,178,
433,1994,
433,800,
433,872,
433,669,
433,2031,
433,326,
433,932,
433,1481,
363,2359,
363,856,
363,2707,
363,2340,
2487,1418,
2487,2128,
2487,1028,
2452,1532,
2452,34,
2452,1326,
1052,38,
1052,2805,
1052,2800,
1052,1265,
1052,1479,
1052,1824,
1052,1560,
1052,2416,
1052,2386,
1052,1712,
1052,1664,
1052,2296,
1052,2458,
1052,1508,
1052,2223,
1052,2812,
1052,1962,
1052,2271,
1052,2622,
1052,2765,
1052,2438,
1052,1109,
1052,2941,
1052,2266,
1052,1234,
1052,1938,
1052,2956,
1052,559,
1052,642,
1052,2701,
1052,1212,
1052,53,
1052,1044,
1052,1183,
1052,76,
1052,873,
1679,2671,
119,1629,
2954,813,
2954,1649,
2954,602,
2954,2936,
2954,844,
1743,750,
1743,2533,
1421,693,
272,428,
272,2540,
272,420,
272,1436,
877,2124,
877,2607,
877,1292,
877,133,
877,2270,
877,123,
877,1080,
2771,980,
782,236,
782,586,
782,1523,
782,1302,
2825,2834,
1524,2323,
898,2013,
898,1622,
898,136,
898,1320,
898,2437,
898,1371,
898,492,
898,2005,
1462,2058,
1462,2341,
1462,356,
1610,16,
2405,227,
2862,1253,
2516,417,
2516,2374,
2516,1084,
1986,1056,
1986,2214,
1986,1991,
398,2820,
963,2164,
415,304,
415,751,
415,404,
415,1912,
415,12,
415,1145,
415,47,
415,1537,
2100,1809,
2100,2064,
2100,2451,
1254,2109,
2261,35,
2261,1269,
1353,757,
1353,2053,
1353,187,
1353,2684,
1353,1060,
1353,1049,
1353,1312,
1353,1953,
1353,2649,
1353,1171,
1353,2142,
1353,2638,
1353,1036,
1353,2686,
1353,626,
1353,936,
1353,868,
1353,2931,
1353,75,
1353,2926,
1353,2086,
1353,2766,
1353,88,
1353,220,
1353,228,
1353,998,
1353,975,
1353,32,
1353,1865,
1353,210,
1353,991,
1353,0,
1353,880,
1353,967,
1353,1782,
1353,1944,
1353,1406,
1353,1852,
1353,2333,
1353,2101,
1353,1715,
1353,257,
1353,1046,
1353,2175,
1353,2317,
1353,2197,
1353,2299,
1353,2562,
1353,2251,
1353,1354,
1353,2160,
1353,2897,
1353,951,
1353,2090,
1353,1102,
1353,1697,
1353,18,
1353,2224,
1353,2924,
1353,2038,
1353,475,
1353,247,
1353,1410,
1353,681,
1353,2481,
1353,2337,
1353,2718,
1353,1659,
1353,142,
1353,1157,
1353,847,
1353,199,
1353,334,
1353,141,
1353,674,
1353,246,
1353,1278,
1353,2957,
1353,1793,
1353,1603,
1353,1567,
1353,838,
1353,1915,
1353,78,
1353,1127,
1353,354,
1353,2611,
1353,1319,
1353,2320,
1353,1360,
1353,1069,
1353,218,
1353,1999,
1353,2756,
1353,2928,
1353,1590,
1353,273,
1353,1774,
1353,2272,
1353,512,
1353,1798,
1353,345,
1353,1408,
1353,899,
1353,995,
1353,205,
1353,1942,
1353,1438,
1353,1563,
1353,385,
1353,2652,
1353,1026,
1353,370,
1353,1411,
1353,2062,
1353,271,
1353,2495,
810,1201,
810,541,
2219,353,
2219,1162,
2732,1706,
2732,636,
885,2804,
2209,2612,
2209,1880,
2209,1825,
2209,1808,
2209,2263,
1965,2085,
1965,1757,
1965,1073,
1965,2171,
1965,1325,
1965,823,
1965,1423,
1965,2572,
1965,446,
1965,2853,
1965,1002,
1965,1804,
1965,422,
1965,196,
1965,313,
1965,2578,
1965,692,
1965,2923,
1965,2720,
1965,164,
1965,611,
1965,955,
1965,2871,
1965,689,
1965,1751,
1965,1568,
1965,2286,
1965,2156,
1965,1779,
1965,2218,
1965,562,
1965,2404,
1965,1608,
1965,434,
1965,663,
1965,709,
1965,1156,
1965,1195,
1965,1359,
1965,2006,
1965,2169,
1965,1237,
1965,1592,
1965,1901,
1965,2528,
1965,2927,
1965,1240,
1965,1929,
1965,466,
1965,2893,
1965,1038,
1965,557,
1965,1444,
1965,1148,
1965,2685,
1965,1077,
1965,1310,
1965,2629,
1965,2763,
1965,2028,
1965,485,
1965,685,
1965,1296,
1965,2480,
1965,2752,
1965,2672,
1965,14,
1965,63,
1965,1181,
1965,2280,
1965,971,
1965,1019,
1965,836,
1965,333,
1965,2615,
1965,2870,
1965,874,
1965,25,
1965,2775,
1965,1883,
1965,1105,
1965,2018,
1965,365,
2946,355,
2946,2466,
2946,1595,
2946,496,
2946,394,
2946,1552,
2946,139,
2946,544,
2946,2054,
2946,1384,
2946,2486,
2946,2505,
2946,1467,
2946,2639,
2946,135,
2946,493,
2946,1144,
2946,2193,
2946,2565,
2946,1855,
2946,2755,
2946,1330,
2946,758,
2946,1534,
2946,1581,
2946,2519,
2946,2759,
2946,2168,
2946,649,
2946,728,
2946,1870,
2946,1747,
2946,337,
2946,2347,
2946,893,
2946,1637,
2946,789,
2946,2393,
2946,1419,
2946,1108,
2946,2808,
2946,155,
2946,1544,
2946,1507,
2946,2733,
2946,233,
2946,2664,
2946,130,
2946,2239,
2946,2007,
2946,607,
2946,848,
2946,1988,
2946,585,
2946,156,
2946,523,
2946,2087,
2946,2561,
2946,1218,
2946,2408,
2946,859,
2946,30,
2946,408,
2946,2460,
2946,426,
2946,256,
2946,786,
2946,2427,
2946,2140,
2946,500,
2946,1778,
2946,1844,
2946,72,
2946,2151,
2946,1572,
2946,986,
2946,981,
2946,364,
2946,2907,
2946,308,
2946,738,
2946,1286,
2809,582,
2809,149,
2809,1377,
2809,2817,
2809,2601,
2809,1669,
2809,804,
2809,1964,
2809,376,
2809,2230,
2809,600,
2809,2764,
2809,1431,
2809,217,
2809,1192,
2809,1204,
2809,2753,
2809,575,
2809,1958,
2809,321,
2809,2245,
2809,2655,
2809,1905,
2809,1433,
2809,1755,
2809,1768,
2809,2889,
2809,1393,
2809,241,
2809,2222,
2809,1098,
2809,1527,
2809,2642,
2809,891,
2809,484,
2809,988,
2809,1557,
2809,1013,
2809,2410,
2809,1897,
2809,677,
2809,2786,
2809,664,
2809,152,
2809,2597,
2809,342,
2809,188,
2809,2454,
2809,1670,
2809,2541,
2809,1067,
2809,515,
2809,542,
2809,767,
2809,57,
2809,1583,
2809,2067,
2809,410,
2809,2934,
2809,299,
2809,1274,
2809,327,
2809,2573,
2809,2513,
2809,1502,
2809,2072,
2809,1050,
2809,983,
2809,2423,
2809,2512,
2809,2129,
2809,797,
2809,445,
2809,1638,
2809,812,
2809,855,
2809,2873,
2809,2311,
2809,552,
850,2017,
850,2841,
850,569,
850,2523,
850,1255,
850,42,
850,497,
850,328,
850,871,
850,306,
850,2354,
850,775,
850,1184,
850,2035,
850,98,
850,2511,
850,1924,
850,1000,
850,2875,
850,1486,
850,867,
850,2343,
850,1261,
850,476,
850,821,
850,2814,
850,1770,
850,1034,
850,796,
850,2119,
850,694,
850,1967,
850,743,
850,2681,
850,2499,
850,1810,
850,1262,
850,1305,
850,851,
850,2441,
850,1800,
850,2141,
850,2645,
850,215,
850,2173,
850,879,
850,755,
850,2091,
850,1304,
850,1489,
850,295,
850,2961,
850,1978,
850,1643,
850,1573,
2743,2606,
2743,1465,
2743,609,
2743,577,
2061,438,
833,1293,
833,2259,
529,2827,
969,1691,
969,2663,
969,2949,
969,2747,
969,2585,
969,624,
969,2063,
969,2228,
2943,254,
667,2330,
1787,120,
1787,168,
1787,449,
1787,943,
1787,307,
1787,2745,
1787,1380,
1787,846,
1787,1826,
1787,375,
1787,1682,
1787,2568,
1787,1684,
1787,1729,
1787,1323,
1787,2538,
1787,230,
1787,1575,
1787,659,
1787,495,
1787,1739,
1787,1663,
1787,1437,
1787,2378,
1787,2106,
1787,491,
1787,2788,
1787,3,
1787,2694,
1787,752,
1787,2108,
1787,2501,
1787,2388,
1787,1853,
1787,2199,
1787,1263,
1787,1350,
1787,927,
1787,1709,
1787,2260,
1787,1898,
1787,296,
1787,1137,
1787,1700,
1787,4,
1787,2187,
1787,842,
1787,1566,
1787,2301,
1787,1725,
1787,1921,
1787,2605,
1787,1667,
1787,1668,
1787,1452,
1787,110,
1787,2468,
1787,1516,
1787,629,
1787,1517,
1787,362,
1787,1730,
1787,1972,
1787,944,
1787,2195,
1787,701,
1787,587,
1787,1604,
1787,1790,
1787,2412,
1787,2498,
1787,1606,
1787,2331,
1787,2945,
1787,990,
1787,2669,
1787,2231,
1787,369,
1787,554,
1787,1767,
1787,2165,
1787,2858,
1787,1599,
1787,1600,
1787,2714,
1787,845,
1787,2297,
1787,989,
1787,2507,
1787,91,
1787,2724,
1787,2742,
1787,1154,
1787,419,
1787,1270,
1787,1070,
1787,974,
1787,621,
1787,411,
1787,2488,
1787,461,
702,2098,
125,2725,
590,1086,
2503,157,
1063,2422,
2269,2396,
1932,55,
2522,1996,
2518,1673,
237,2039,
1281,2167,
935,2457,
973,1066,
1547,1246,
1971,147,
2665,1370,
616,2761,
1045,414,
2367,2183,
332,2861,
1483,2329,
2898,2667,
2009,1288,
1744,1453,
1744,1170,
1284,1228,
134,2444,
226,1704,
226,1820,
226,1618,
189,1931,
189,514,
128,2648,
715,2435,
715,2908,
2896,765,
2015,2425,
1660,954,
1210,705,
1210,1015,
1210,651,
1210,926,
1095,2482,
1095,177,
1621,1120,
1621,2608,
837,1110,
837,2356,
837,201,
1529,1630,
1529,2963,
1677,2429,
1677,2677,
910,1257,
910,578,
1702,2021,
2089,525,
1339,726,
1339,276,
89,959,
2850,684,
2729,623,
1850,2027,
1309,2065,
2750,1941,
1829,2217,
1829,2121,
1014,2143,
1014,2589,
1276,1907,
15,213,
526,608,
526,640,
2911,1214,
2093,2758,
835,1442,
683,1498,
1935,2527,
1935,1232,
1935,1908,
2604,301,
194,719,
194,1555,
413,686,
2088,1389,
1230,2303,
805,184,
2078,1602,
2078,105,
2619,591,
2770,2105,
1315,1352,
2455,794,
2455,459,
2735,402,
2735,2711,
2939,1058,
2939,2158,
712,1048,
1106,2389,
1106,2059,
1106,1285,
1317,1194,
2790,1579,
2291,576,
1740,2449,
2903,2362,
1035,865,
643,1031,
1136,462,
2229,2680,
1707,1868,
2464,2048,
2146,897,
2070,1541,
2867,13,
2867,2584,
2867,2553,
2609,1017,
1666,2074,
1666,2744,
1001,1348,
2200,1738,
2200,2968,
2955,2049,
81,2010,
1372,1892,
941,997,
939,1505,
1641,1497,
665,1984,
1763,2407,
1763,1139,
1387,2467,
2697,1178,
2697,1012,
1223,2170,
1223,1,
1223,2083,
1223,86,
1223,1039,
1223,344,
1223,1458,
1223,2212,
1223,412,
1223,263,
1223,2591,
1223,1806,
1223,1340,
1223,884,
1223,1233,
1223,2133,
1223,1786,
1223,310,
1223,2036,
1223,102,
1223,958,
1223,2376,
1223,1904,
1223,103,
1223,1895,
1223,593,
1223,2442,
1223,811,
1223,1688,
1223,532,
1223,372,
1223,1585,
1223,1090,
1223,1543,
1223,1864,
1223,114,
1223,280,
1223,2678,
1223,1501,
1910,1887,
1910,1723,
1910,2695,
1910,2748,
1910,2819,
1910,2459,
1910,1584,
2289,2860,
2289,854,
1215,111,
1215,1859,
946,2060,
946,546,
27,1930,
27,2116,
1576,1463,
1576,1379,
2526,1545,
2526,1830,
2526,727,
2526,2290,
2526,258,
2526,2579,
1313,2264,
1313,90,
1313,536,
1313,638,
1313,2902,
1313,2326,
1313,1224,
1363,1252,
1363,1209,
1363,346,
1363,323,
1363,632,
162,302,
162,255,
1503,533,
2844,150,
2002,933,
397,2436,
397,1817,
397,618,
397,2332,
1021,1569,
1021,1427,
1021,1337,
1021,2847,
2700,212,
2700,2206,
2656,696,
2656,1269,
2656,708,
1913,1216,
2181,1381,
2181,1471,
2181,1968,
2181,1231,
2582,2198,
2582,2816,
2582,931,
2582,2232,
2582,297,
2582,300,
2582,1311,
2582,2192,
2582,1415,
2582,2000,
2582,1564,
2582,2243,
2582,2852,
2582,2610,
2582,1119,
2582,2363,
2582,2041,
2582,1845,
2582,513,
2582,2103,
2582,1815,
2582,744,
2582,1198,
2582,1280,
2582,2868,
2582,94,
2940,1558,
2940,331,
2940,1773,
2940,2836,
2940,1457,
2940,2484,
2940,2,
2940,530,
2940,2785,
2940,478,
2940,1076,
2940,1143,
2940,2644,
2940,229,
2940,1417,
2940,208,
2940,2350,
2940,713,
2940,1509,
2940,625,
2940,1969,
2940,1074,
2940,1394,
2940,2439,
2940,1061,
2940,436,
70,1914,
2595,528,
2595,1694,
